:Product: Daily Solar Data            DSD.txt
:Issued: 2025 UT 16 Mar 2026
#
#  Prepared by the U.S. Dept. of Commerce, NOAA, Space Weather Prediction Center
#  Please send comments and suggestions to SWPC.Webmaster@noaa.gov
#
#                Last 30 Days Daily Solar Data
#
#                         Sunspot       Stanford GOES15
#           Radio  SESC     Area          Solar  X-Ray  ------ Flares ------
#           Flux  Sunspot  10E-6   New     Mean  Bkgd    X-Ray      Optical
#  Date     10.7cm Number  Hemis. Regions Field  Flux   C  M  X  S  1  2  3
#--------------------------------------------------------------------------- 
2026 02 14  117     60      430      2    -999      *   2  0  0  0  0  0  0
2026 02 15  118     65      410      0    -999      *   2  0  0  1  0  0  0
2026 02 16  118     69      400      0    -999      *   1  1  0  1  0  0  0
2026 02 17  122     63      360      0    -999      *   3  0  0  3  0  0  0
2026 02 18  119     43      240      0    -999      *   2  0  0  0  0  0  0
2026 02 19  116     39      235      0    -999      *   3  0  0  0  0  0  0
2026 02 20  111     34      170      0    -999      *   1  0  0  1  0  0  0
2026 02 21  110     11      120      0    -999      *   0  0  0  0  0  0  0
2026 02 22  110      0        0      0    -999      *   4  0  0  0  0  0  0
2026 02 23  108      0        0      0    -999      *   0  0  0  0  0  0  0
2026 02 24  120      0        0      0    -999      *   3  0  0  0  0  0  0
2026 02 25  125     25      190      2    -999      *  12  1  0  1  0  0  0
2026 02 26  130     43      390      1    -999      *   5  0  0  1  0  0  0
2026 02 27  139     53      520      1    -999      *  11  0  0  3  0  0  0
2026 02 28  141     44      620      0    -999      *   7  0  0  1  0  0  0
2026 03 01  147     85      810      3    -999      *  17  0  0  2  0  0  0
2026 03 02  148     82      740      0    -999      *   8  0  0  0  0  0  0
2026 03 03  144     64      780      0    -999      *   6  0  0  7  0  0  0
2026 03 04  141     71      700      1    -999      *   2  0  0  0  0  0  0
2026 03 05  146     73      680      1    -999      *   4  0  0  0  0  0  0
2026 03 06  143     75      770      0    -999      *   1  0  0  0  0  0  0
2026 03 07  135     75      750      0    -999      *   1  0  0  0  0  0  0
2026 03 08  135     76      670      1    -999      *   3  0  0  0  0  0  0
2026 03 09  128     72      500      1    -999      *   7  0  0  3  0  0  0
2026 03 10  127     71      420      1    -999      *   8  0  0  0  0  0  0
2026 03 11  123    120      485      4    -999      *   2  0  0  0  0  0  0
2026 03 12  121    116      470      0    -999      *   4  0  0  1  0  0  0
2026 03 13  120    105      440      0    -999      *  14  1  0  7  1  0  0
2026 03 14  112     85      380      2    -999      *  16  0  0  2  1  0  0
2026 03 15  109     93      270      1    -999      *   4  1  0  2  0  0  0
